800 800
-30 30 -30 30 20
0.0 120.0 200.0 0.0 1.0 0.0 0.0 0.0 1.0
-40 100 -25
SPHERE 0 30 -90 10 0.0 0.0 0.0 1.0 1.0 0.0 1 1 1 50
SPHERE -9 15 -90 10 0.0 0.0 0.0 0.0 0.0 1.0 1 1 1 50
SPHERE 9 15 -90 10 0.0 0.0 0.0 0.5 0.0 0.5 1 1 1 50
SPHERE -18 0 -90 10 0.0 0.0 0.0 0.3 0.3 0.3 1 1 1 50
SPHERE 0 0 -90 10 0.0 0.0 0.0 0.0 0.0 0.0 1 1 1 50
SPHERE 18 0 -90 10 0.0 0.0 0.0 0.7 0.3 0.3 1 1 1 50
SPHERE -27 -15 -90 10 0.0 0.0 0.0 0.0 0.5 0.5 1 1 1 25
SPHERE -9 -15 -90 10 0.0 0.0 0.0 0.5 0.0 0.0 1 1 1 25
SPHERE 9 -15 -90 10 0.0 0.0 0.0 0.0 1.0 1.0 1 1 1 25
SPHERE 27 -15 -90 10 0.0 0.0 0.0 0.5 0.1 0.8 1 1 1 25
SPHERE -36 -30 -90 10 0.0 0.0 0.0 1.0 0.0 0.0 1 1 1 50
SPHERE -18 -30 -90 10 0.0 0.0 0.0 0.2 0.0 0.7 1 1 1 50
SPHERE 0 -30 -90 10 0.0 0.0 0.0 0.0 1.0 0.0 1 1 1 50
SPHERE 18 -30 -90 10 0.0 0.0 0.0 0.5 0.6 0.8 1 1 1 50
SPHERE 36 -30 -90 10 0.0 0.0 0.0 0.0 0.1 0.8 1 1 1 50
SPHERE -50 300 -90 10 0 0 0 1.0 1.0 1.0 1 1 1 50
CUBE -200 -140  -141  200  400 -91 0.0 0.0 0.0 0.5 1.0 0.2 0.0 0.0 0.0 100.0
CUBE -250 -140  -141 -200  400 -50 0.0 0.0 0.0 0.7 0.5 0.0 0.0 0.0 0.0 100.0
CUBE 200 -140  -141  250  400 -50 0.0 0.0 0.0 0.7 0.5 0.0 0.0 0.0 0.0 100.0
CUBE -200 -190  -141  200 -140 -50 0.0 0.0 0.0 0.7 0.5 0.0 0.0 0.0 0.0 100.0
CUBE -200  400  -141  200  450 -50 0.0 0.0 0.0 0.7 0.5 0.0 0.0 0.0 0.0 100.0
CUBE -250 -190 -1000 -200 -140 -50 0.0 0.0 0.0 0.7 0.5 0.0 0.0 0.0 0.0 100.0
CUBE -250  400 -1000 -200  450 -50 0.0 0.0 0.0 0.7 0.5 0.0 0.0 0.0 0.0 100.0
CUBE 200  400 -1000  250  450 -50 0.0 0.0 0.0 0.7 0.5 0.0 0.0 0.0 0.0 100.0
CUBE 200 -190 -1000 250 -140 -50 0.0 0.0 0.0 0.7 0.5 0.0 0.0 0.0 0.0 100.0