800 800
-20.0 20.0 -20.0 20.0 20.0
-5.0 5.0 25.0	0.0 0.0 0.0 	0.0 1.0 0.0
-20.0 20.0 20.0
SPHERE 	-5.0 	5.0  	-5.0   		3.0   		0.0 	0.0 	0.0   	0.0 	1.0 	1.0   	1.0 	1.0 	1.0  	25.0
SPHERE 	-5.0 	5.0  	5.0   		3.0   		0.0 	0.0 	0.0   	0.0 	0.0 	1.0   	1.0 	1.0 	1.0  	2.0
SPHERE 	5.0 	5.0  	-5.0   		3.0   		0.0 	0.0 	0.0   	0.0 	1.0 	1.0   	1.0 	1.0 	1.0  	20.0
SPHERE 	5.0 	5.0  	5.0   		3.0   		0.0 	0.0 	0.0   	0.0 	0.0 	1.0   	1.0 	1.0 	1.0  	2.0
SPHERE  -5.0 	-5.0  	-5.0   		3.0   		0.0 	0.0 	0.0   	1.0 	1.0 	0.0   	1.0 	1.0 	1.0  	20.0
SPHERE 	-5.0 	-5.0  	5.0   		3.0   		0.0 	0.0 	0.0   	1.0 	0.0 	0.0   	1.0 	1.0 	1.0  	20.0
SPHERE 	5.0 	-5.0  	-5.0   		3.0   		0.0 	0.0 	0.0   	1.0 	1.0 	0.0   	1.0 	1.0 	1.0  	2.0
SPHERE 	5.0 	-5.0  	5.0   		3.0   		0.0 	0.0 	0.0   	1.0 	0.0 	0.0   	1.0 	1.0 	1.0  	50.0
SPHERE 	0.0 	0.0  	0.0   		0.25   		0.0 	0.0 	0.0   	0.0 	1.0 	0.0   	1.0 	1.0 	1.0  	2.0